128.69576752185822
107.87159752845764
98.67343574762344
86.09470337629318
76.24218583106995
64.43463432788849
52.187485536560416
41.34254068695009
32.470481229480356
24.93288632691838
15.754537936183624
12.472562369221123
12.981889759423211
9.816417744499631
14.121974383597262
6.922428377554752
3.5318935643081204
2.7158624877556576
1.7925769007033523
1.3891102641409816
1.0328096868397552
0.7188694435299112
0.5459252167515842
0.3061990182650334
0.2078972097406222
0.1441049727218342
0.0981899674561646
0.08100224063400674
0.0702363944001263
0.061721260273770895
0.05498996614551288
0.04926400363910943
0.04448177375616069
0.04060809345037342
0.03709076551376711
0.03409418812907461
0.03127969489469251
0.029049135669538373
0.026894682799138536
0.024966270611912478
0.023299241595850617
0.021745053182257834
0.02036940004381904
0.01907708121370888
0.017909914948631922
0.0168488200019965
0.015920707006216617
0.015011987326715825
0.014220489674471537
0.013433261523232432
0.012744281191089613
0.012074023077957463
0.011479304487920672
0.010918440116483907
0.010380862779356903
0.009861956676331829
0.009423887854836721
0.008975621513172882
0.00858674711855656
0.008169517222654576
0.007821081472343394
0.007483827532837495
0.007163379429243832
0.006844144870797209
0.006566581424181095
0.006289468444379054
0.006036597123170395
0.005792938506260725
0.005553499482289226
0.005334184779826501
0.005132760874516862
0.004930417831133127
0.004743963548776264
0.004555519966402244
0.004382369874520009
0.004219185144165749
0.004064989314656486
0.0039119839359500475
0.003768885260569732
0.003637636247788123
0.0035045603754610966
0.0033783345261895192
0.00325678950918018
0.003147975953254445
0.0030370811833222433
0.0029328950222975436
0.002830062045688919
0.002734477046089978
0.00264468886149416
0.0025556779040130095
0.002469132796534268
0.0023879770899952746
0.0023096502968087407
0.0022319189737913803
0.0021620546989993272
0.0020902362561514565
0.002027446296267499
0.0019600290683570165
0.0018994981796254251
0.001837677584433095
